<BeginHMM>
 <NumStates> 18 <VecSize> 26 <USER> <nullD> <diagC>
 <StreamInfo> 1 26
 <State> 2 <NumMixes> 1
  <Stream> 1
  <Mixture> 1 1.0
    <Mean> 26
      0.0 0.0 0.0 0.0 0.0 0.0 0.0 0.0 0.0 0.0 0.0 0.0 0.0 0.0 0.0 0.0 0.0 0.0 0.0 0.0 0.0 0.0 0.0 0.0 0.0 0.0
   <Variance> 26
      1.0 1.0 1.0 1.0 1.0 1.0 1.0 1.0 1.0 1.0 1.0 1.0 1.0 1.0 1.0 1.0 1.0 1.0 1.0 1.0 1.0 1.0 1.0 1.0 1.0 1.0
 <State> 3 <NumMixes> 1
  <Stream> 1
  <Mixture> 1 1.0
    <Mean> 26
      0.0 0.0 0.0 0.0 0.0 0.0 0.0 0.0 0.0 0.0 0.0 0.0 0.0 0.0 0.0 0.0 0.0 0.0 0.0 0.0 0.0 0.0 0.0 0.0 0.0 0.0 
   <Variance> 26
      1.0 1.0 1.0 1.0 1.0 1.0 1.0 1.0 1.0 1.0 1.0 1.0 1.0 1.0 1.0 1.0 1.0 1.0 1.0 1.0 1.0 1.0 1.0 1.0 1.0 1.0 
 <State> 4 <NumMixes> 1
  <Stream> 1
  <Mixture> 1 1.0
    <Mean> 26
      0.0 0.0 0.0 0.0 0.0 0.0 0.0 0.0 0.0 0.0 0.0 0.0 0.0 0.0 0.0 0.0 0.0 0.0 0.0 0.0 0.0 0.0 0.0 0.0 0.0 0.0 
   <Variance> 26
      1.0 1.0 1.0 1.0 1.0 1.0 1.0 1.0 1.0 1.0 1.0 1.0 1.0 1.0 1.0 1.0 1.0 1.0 1.0 1.0 1.0 1.0 1.0 1.0 1.0 1.0 
 <State> 5 <NumMixes> 1
  <Stream> 1
  <Mixture> 1 1.0
    <Mean> 26
      0.0 0.0 0.0 0.0 0.0 0.0 0.0 0.0 0.0 0.0 0.0 0.0 0.0 0.0 0.0 0.0 0.0 0.0 0.0 0.0 0.0 0.0 0.0 0.0 0.0 0.0 
   <Variance> 26
      1.0 1.0 1.0 1.0 1.0 1.0 1.0 1.0 1.0 1.0 1.0 1.0 1.0 1.0 1.0 1.0 1.0 1.0 1.0 1.0 1.0 1.0 1.0 1.0 1.0 1.0 
 <State> 6 <NumMixes> 1
  <Stream> 1
  <Mixture> 1 1.0
    <Mean> 26
      0.0 0.0 0.0 0.0 0.0 0.0 0.0 0.0 0.0 0.0 0.0 0.0 0.0 0.0 0.0 0.0 0.0 0.0 0.0 0.0 0.0 0.0 0.0 0.0 0.0 0.0 
   <Variance> 26
      1.0 1.0 1.0 1.0 1.0 1.0 1.0 1.0 1.0 1.0 1.0 1.0 1.0 1.0 1.0 1.0 1.0 1.0 1.0 1.0 1.0 1.0 1.0 1.0 1.0 1.0 
 <State> 7 <NumMixes> 1
  <Stream> 1
  <Mixture> 1 1.0
    <Mean> 26
      0.0 0.0 0.0 0.0 0.0 0.0 0.0 0.0 0.0 0.0 0.0 0.0 0.0 0.0 0.0 0.0 0.0 0.0 0.0 0.0 0.0 0.0 0.0 0.0 0.0 0.0 
   <Variance> 26
      1.0 1.0 1.0 1.0 1.0 1.0 1.0 1.0 1.0 1.0 1.0 1.0 1.0 1.0 1.0 1.0 1.0 1.0 1.0 1.0 1.0 1.0 1.0 1.0 1.0 1.0 
 <State> 8 <NumMixes> 1
  <Stream> 1
  <Mixture> 1 1.0
    <Mean> 26
      0.0 0.0 0.0 0.0 0.0 0.0 0.0 0.0 0.0 0.0 0.0 0.0 0.0 0.0 0.0 0.0 0.0 0.0 0.0 0.0 0.0 0.0 0.0 0.0 0.0 0.0 
   <Variance> 26
      1.0 1.0 1.0 1.0 1.0 1.0 1.0 1.0 1.0 1.0 1.0 1.0 1.0 1.0 1.0 1.0 1.0 1.0 1.0 1.0 1.0 1.0 1.0 1.0 1.0 1.0 
 <State> 9 <NumMixes> 1
  <Stream> 1
  <Mixture> 1 1.0
    <Mean> 26
      0.0 0.0 0.0 0.0 0.0 0.0 0.0 0.0 0.0 0.0 0.0 0.0 0.0 0.0 0.0 0.0 0.0 0.0 0.0 0.0 0.0 0.0 0.0 0.0 0.0 0.0 
   <Variance> 26
      1.0 1.0 1.0 1.0 1.0 1.0 1.0 1.0 1.0 1.0 1.0 1.0 1.0 1.0 1.0 1.0 1.0 1.0 1.0 1.0 1.0 1.0 1.0 1.0 1.0 1.0 
 <State> 10 <NumMixes> 1
  <Stream> 1
  <Mixture> 1 1.0
    <Mean> 26
      0.0 0.0 0.0 0.0 0.0 0.0 0.0 0.0 0.0 0.0 0.0 0.0 0.0 0.0 0.0 0.0 0.0 0.0 0.0 0.0 0.0 0.0 0.0 0.0 0.0 0.0 
   <Variance> 26
      1.0 1.0 1.0 1.0 1.0 1.0 1.0 1.0 1.0 1.0 1.0 1.0 1.0 1.0 1.0 1.0 1.0 1.0 1.0 1.0 1.0 1.0 1.0 1.0 1.0 1.0 
 <State> 11 <NumMixes> 1
  <Stream> 1
  <Mixture> 1 1.0
    <Mean> 26
      0.0 0.0 0.0 0.0 0.0 0.0 0.0 0.0 0.0 0.0 0.0 0.0 0.0 0.0 0.0 0.0 0.0 0.0 0.0 0.0 0.0 0.0 0.0 0.0 0.0 0.0 
   <Variance> 26
      1.0 1.0 1.0 1.0 1.0 1.0 1.0 1.0 1.0 1.0 1.0 1.0 1.0 1.0 1.0 1.0 1.0 1.0 1.0 1.0 1.0 1.0 1.0 1.0 1.0 1.0 
 <State> 12 <NumMixes> 1
  <Stream> 1
  <Mixture> 1 1.0
    <Mean> 26
      0.0 0.0 0.0 0.0 0.0 0.0 0.0 0.0 0.0 0.0 0.0 0.0 0.0 0.0 0.0 0.0 0.0 0.0 0.0 0.0 0.0 0.0 0.0 0.0 0.0 0.0 
   <Variance> 26
      1.0 1.0 1.0 1.0 1.0 1.0 1.0 1.0 1.0 1.0 1.0 1.0 1.0 1.0 1.0 1.0 1.0 1.0 1.0 1.0 1.0 1.0 1.0 1.0 1.0 1.0 
 <State> 13 <NumMixes> 1
  <Stream> 1
  <Mixture> 1 1.0
    <Mean> 26
      0.0 0.0 0.0 0.0 0.0 0.0 0.0 0.0 0.0 0.0 0.0 0.0 0.0 0.0 0.0 0.0 0.0 0.0 0.0 0.0 0.0 0.0 0.0 0.0 0.0 0.0 
   <Variance> 26
      1.0 1.0 1.0 1.0 1.0 1.0 1.0 1.0 1.0 1.0 1.0 1.0 1.0 1.0 1.0 1.0 1.0 1.0 1.0 1.0 1.0 1.0 1.0 1.0 1.0 1.0 
 <State> 14 <NumMixes> 1
  <Stream> 1
  <Mixture> 1 1.0
    <Mean> 26
      0.0 0.0 0.0 0.0 0.0 0.0 0.0 0.0 0.0 0.0 0.0 0.0 0.0 0.0 0.0 0.0 0.0 0.0 0.0 0.0 0.0 0.0 0.0 0.0 0.0 0.0 
   <Variance> 26
      1.0 1.0 1.0 1.0 1.0 1.0 1.0 1.0 1.0 1.0 1.0 1.0 1.0 1.0 1.0 1.0 1.0 1.0 1.0 1.0 1.0 1.0 1.0 1.0 1.0 1.0 
 <State> 15 <NumMixes> 1
  <Stream> 1
  <Mixture> 1 1.0
    <Mean> 26
      0.0 0.0 0.0 0.0 0.0 0.0 0.0 0.0 0.0 0.0 0.0 0.0 0.0 0.0 0.0 0.0 0.0 0.0 0.0 0.0 0.0 0.0 0.0 0.0 0.0 0.0 
   <Variance> 26
      1.0 1.0 1.0 1.0 1.0 1.0 1.0 1.0 1.0 1.0 1.0 1.0 1.0 1.0 1.0 1.0 1.0 1.0 1.0 1.0 1.0 1.0 1.0 1.0 1.0 1.0 
 <State> 16 <NumMixes> 1
  <Stream> 1
  <Mixture> 1 1.0
    <Mean> 26
      0.0 0.0 0.0 0.0 0.0 0.0 0.0 0.0 0.0 0.0 0.0 0.0 0.0 0.0 0.0 0.0 0.0 0.0 0.0 0.0 0.0 0.0 0.0 0.0 0.0 0.0 
   <Variance> 26
      1.0 1.0 1.0 1.0 1.0 1.0 1.0 1.0 1.0 1.0 1.0 1.0 1.0 1.0 1.0 1.0 1.0 1.0 1.0 1.0 1.0 1.0 1.0 1.0 1.0 1.0 
 <State> 17 <NumMixes> 1
  <Stream> 1
  <Mixture> 1 1.0
    <Mean> 26
      0.0 0.0 0.0 0.0 0.0 0.0 0.0 0.0 0.0 0.0 0.0 0.0 0.0 0.0 0.0 0.0 0.0 0.0 0.0 0.0 0.0 0.0 0.0 0.0 0.0 0.0 
   <Variance> 26
      1.0 1.0 1.0 1.0 1.0 1.0 1.0 1.0 1.0 1.0 1.0 1.0 1.0 1.0 1.0 1.0 1.0 1.0 1.0 1.0 1.0 1.0 1.0 1.0 1.0 1.0 
<TransP> 18
0.000e+000  1.000e+000  0.000e+000  0.000e+000  0.000e+000  0.000e+000  0.000e+000  0.000e+000  0.000e+000  0.000e+000  0.000e+000  0.000e+000  0.000e+000  0.000e+000  0.000e+000  0.000e+000  0.000e+000  0.000e+000  
0.000e+000  6.000e-001  4.000e-001  0.000e+000  0.000e+000  0.000e+000  0.000e+000  0.000e+000  0.000e+000  0.000e+000  0.000e+000  0.000e+000  0.000e+000  0.000e+000  0.000e+000  0.000e+000  0.000e+000  0.000e+000  
0.000e+000  0.000e+000  6.000e-001  4.000e-001  0.000e+000  0.000e+000  0.000e+000  0.000e+000  0.000e+000  0.000e+000  0.000e+000  0.000e+000  0.000e+000  0.000e+000  0.000e+000  0.000e+000  0.000e+000  0.000e+000  
0.000e+000  0.000e+000  0.000e+000  6.000e-001  4.000e-001  0.000e+000  0.000e+000  0.000e+000  0.000e+000  0.000e+000  0.000e+000  0.000e+000  0.000e+000  0.000e+000  0.000e+000  0.000e+000  0.000e+000  0.000e+000  
0.000e+000  0.000e+000  0.000e+000  0.000e+000  6.000e-001  4.000e-001  0.000e+000  0.000e+000  0.000e+000  0.000e+000  0.000e+000  0.000e+000  0.000e+000  0.000e+000  0.000e+000  0.000e+000  0.000e+000  0.000e+000  
0.000e+000  0.000e+000  0.000e+000  0.000e+000  0.000e+000  6.000e-001  4.000e-001  0.000e+000  0.000e+000  0.000e+000  0.000e+000  0.000e+000  0.000e+000  0.000e+000  0.000e+000  0.000e+000  0.000e+000  0.000e+000  
0.000e+000  0.000e+000  0.000e+000  0.000e+000  0.000e+000  0.000e+000  6.000e-001  4.000e-001  0.000e+000  0.000e+000  0.000e+000  0.000e+000  0.000e+000  0.000e+000  0.000e+000  0.000e+000  0.000e+000  0.000e+000  
0.000e+000  0.000e+000  0.000e+000  0.000e+000  0.000e+000  0.000e+000  0.000e+000  6.000e-001  4.000e-001  0.000e+000  0.000e+000  0.000e+000  0.000e+000  0.000e+000  0.000e+000  0.000e+000  0.000e+000  0.000e+000  
0.000e+000  0.000e+000  0.000e+000  0.000e+000  0.000e+000  0.000e+000  0.000e+000  0.000e+000  6.000e-001  4.000e-001  0.000e+000  0.000e+000  0.000e+000  0.000e+000  0.000e+000  0.000e+000  0.000e+000  0.000e+000  
0.000e+000  0.000e+000  0.000e+000  0.000e+000  0.000e+000  0.000e+000  0.000e+000  0.000e+000  0.000e+000  6.000e-001  4.000e-001  0.000e+000  0.000e+000  0.000e+000  0.000e+000  0.000e+000  0.000e+000  0.000e+000  
0.000e+000  0.000e+000  0.000e+000  0.000e+000  0.000e+000  0.000e+000  0.000e+000  0.000e+000  0.000e+000  0.000e+000  6.000e-001  4.000e-001  0.000e+000  0.000e+000  0.000e+000  0.000e+000  0.000e+000  0.000e+000  
0.000e+000  0.000e+000  0.000e+000  0.000e+000  0.000e+000  0.000e+000  0.000e+000  0.000e+000  0.000e+000  0.000e+000  0.000e+000  6.000e-001  4.000e-001  0.000e+000  0.000e+000  0.000e+000  0.000e+000  0.000e+000  
0.000e+000  0.000e+000  0.000e+000  0.000e+000  0.000e+000  0.000e+000  0.000e+000  0.000e+000  0.000e+000  0.000e+000  0.000e+000  0.000e+000  6.000e-001  4.000e-001  0.000e+000  0.000e+000  0.000e+000  0.000e+000  
0.000e+000  0.000e+000  0.000e+000  0.000e+000  0.000e+000  0.000e+000  0.000e+000  0.000e+000  0.000e+000  0.000e+000  0.000e+000  0.000e+000  0.000e+000  6.000e-001  4.000e-001  0.000e+000  0.000e+000  0.000e+000  
0.000e+000  0.000e+000  0.000e+000  0.000e+000  0.000e+000  0.000e+000  0.000e+000  0.000e+000  0.000e+000  0.000e+000  0.000e+000  0.000e+000  0.000e+000  0.000e+000  6.000e-001  4.000e-001  0.000e+000  0.000e+000  
0.000e+000  0.000e+000  0.000e+000  0.000e+000  0.000e+000  0.000e+000  0.000e+000  0.000e+000  0.000e+000  0.000e+000  0.000e+000  0.000e+000  0.000e+000  0.000e+000  0.000e+000  6.000e-001  4.000e-001  0.000e+000  
0.000e+000  0.000e+000  0.000e+000  0.000e+000  0.000e+000  0.000e+000  0.000e+000  0.000e+000  0.000e+000  0.000e+000  0.000e+000  0.000e+000  0.000e+000  0.000e+000  0.000e+000  0.000e+000  9.000e-001  1.000e-001  
0.000e+000  0.000e+000  0.000e+000  0.000e+000  0.000e+000  0.000e+000  0.000e+000  0.000e+000  0.000e+000  0.000e+000  0.000e+000  0.000e+000  0.000e+000  0.000e+000  0.000e+000  0.000e+000  0.000e+000  0.000e+000  
<EndHMM>
